+94772540280
0330 2186200
03308253387
03332842834
03098460414
03341300179
03322313890
03173399060
03323188195
+94 762025977
3278468297
03352714865
03308489575
03326190734
03311331688
03472499167
03132183548
03171848749
03362903013
03328264639
03059826268
03491953370
0333-0373725
03042001060
03140018046
03403489016
03350344999
03152812297
03321022307
03322279308
+923312210936
0332 6194282
03197706996
03111166671
03112960656
03163622756
03359210222
03203038822
03183814195
03226358093
03403905902
03002406420
03368522620
03322017083
0314-1340763
03467216808
03302463243
03102080693
03170882994
03364856784
03112179891
03138152198
+923324006685
03320978596
03111166671
03093074546
03364458976
03158966025
03302587655
03308355188
03313181054
03360346257
03452168672
03132496446
03112865543
+94 757964831
03352460557
03332204579
03422152845
03193318313
03324510481
0332-2663219
03062528635
03142142505
0337-8029329
03121135606
03132413373
03092462739
03320390229
0312-8842954
03364966267
03172859506
03400120389
03182990955
03232030337

+92  317 2615505 
03303753201
03132693971
03312830059
03222757245
+923302512661
0334-2119664
03057382341
03313083452
+92 3212767040
+92 319 8220617
0333-1213355
+923102609018
03300077010
03122539317
03355819434
03073077059
0332-4719116
0332 5207479
+92 313 3795174
+923215699588
03330342225
03320349070
03102401956